0.000000 0.000000 0.000000 -0.000000 -0.000000 0.000000 0.000000 1.000000
0.100000 1.690946 0.000066 -0.001397 0.000011 0.000442 -0.000044 1.000000
0.200000 3.381839 0.000154 -0.003490 0.000011 0.001004 0.000002 0.999999
0.300000 5.073268 0.000195 -0.007038 0.000010 0.001042 0.000016 0.999999
0.400000 6.764365 0.000608 -0.011824 0.000024 0.001437 0.000166 0.999999
0.500000 8.455431 0.000541 -0.017358 -0.000005 0.002021 -0.000022 0.999998
0.600000 10.146851 0.000391 -0.024328 0.000010 0.002084 -0.000104 0.999998
0.700000 11.838114 0.000334 -0.032513 0.000011 0.002432 -0.000045 0.999997
0.800000 13.529252 0.000587 -0.041500 0.000023 0.003033 0.000122 0.999995
0.900000 15.220875 0.000370 -0.051893 -0.000005 0.003126 -0.000061 0.999995
